1 0 0 0
0 1 0 0
0 0 1 0
0 0 0 1
512 512 512
99 248 169
99 248 170
99 248 171
99 249 169
99 249 170
99 249 171
99 250 169
99 250 170
99 250 171
99 251 169
99 251 170
99 251 171
100 248 169
100 248 170
100 248 171
100 249 169
100 249 170
100 249 171
100 250 169
100 250 170
100 250 171
100 251 169
100 251 170
100 251 171
99 170 199
99 170 200
99 170 201
99 171 199
99 171 200
99 171 201
99 172 199
99 172 200
99 172 201
100 170 199
100 170 200
100 170 201
100 171 199
100 171 200
100 171 201
100 172 199
100 172 200
100 172 201
0 0 0
0 0 1
0 1 0
0 1 1
1 0 0
1 0 1
1 1 0
1 1 1
510 0 0
510 0 1
510 1 0
510 1 1
511 0 0
511 0 1
511 1 0
511 1 1
0 510 0
0 510 1
0 511 0
0 511 1
1 510 0
1 510 1
1 511 0
1 511 1
0 0 510
0 0 511
0 1 510
0 1 511
1 0 510
1 0 511
1 1 510
1 1 511
510 510 0
510 510 1
510 511 0
510 511 1
511 510 0
511 510 1
511 511 0
511 511 1
0 510 510
0 510 511
0 511 510
0 511 511
1 510 510
1 510 511
1 511 510
1 511 511
510 0 510
510 0 511
510 1 510
510 1 511
511 0 510
511 0 511
511 1 510
511 1 511
510 510 510
510 510 511
510 511 510
510 511 511
511 510 510
511 510 511
511 511 510
511 511 511